Local Sum: 496.2614190398083
Global Sum: 185.14064236712133

300 Sample optimized hyperparameters, AG Marker 15 x-dimension: [ 2.98343191 -5.47379118 -1.56572369]

sig_f random points (200): [0.10527901972773937, 0.8274680844637083, 1.6723983056009737, 2.5824562587667463, 2.6345089281397644, 2.326238469303457, 2.618420847643041, 2.408087554297604, 2.409311048484557, 1.49949473085982, 1.7737576036365996, 0.9947683303261741, 1.1797314324133212, 1.3884315576761725, 1.546799324784754, 1.617326649926321, 2.028794637551517, 1.9698880889140138, 1.515106086487411, 1.8788750633364804, 2.5184686290647003, 1.2242937130436917, 0.577515854559975, 1.05453736861105, 1.4392908966643938, 1.6827320731169202, 2.1573332194584163, 2.125500708689277, 3.3841995034784675, 3.238397345816805, 3.490599981403919, 2.2144645488275323, 1.579903530118257, 1.1811760016920207, 1.2236840850814508, 1.587350141684209, 1.743013357677113, 1.8258781189568514, 1.9917700283142075, 5.789823989207115, 4.286426739676241, 1.7930330220627013, 1.6575525755277376, 1.569076974654489, 1.1452627404570301, 0.24121044580414408, -0.6886021815753683, -2.7160229015284236, -4.043659220874324, -4.612290330387244, -3.446631362080727, -4.81586771601987, -18.01572637577511, -5.147667322762158, -3.9234720360229454, -4.367460647349403, -3.6301315138123247, -2.695520693040658, -2.6101687008461676, -5.304487354932534, -5.608872177192093, -19.499488514735784, -22.292418609822995, -24.88056779204523, -4.438482603509018, -4.671585240870069, -22.93797549811754, -24.00151432720133, -26.22728387535607, -26.138491697068922]
sig_l random points (200): [-2.6044268076926844, -3.1867825684257545, -4.233064300700077, -5.138908768922622, -5.009513532223553, -4.984803642703536, -5.316082007792557, -4.980998735328837, -5.1217885291265715, -3.5120514446974327, -3.6312012003455965, -3.5307469464487817, -2.808415937156158, -3.124045550795841, -3.2940647417182687, -3.0017956605957807, -3.2948305873051322, -4.7904741070293095, -4.2118786968687685, -4.635280248148357, -5.139913310519739, -3.2849684058922257, -2.9539440208418437, -3.4641688166066262, -3.1271143894247344, -3.2673541509321997, -3.905605113760545, -3.8896742523551526, -5.082284217946814, -6.186990160437049, -6.212704671942262, -4.380583925610396, -3.826701065738143, -3.37470962353402, -3.701855151198051, -4.175771150424503, -3.462487232504131, -3.701592133498076, -3.3407280389118905, -8.30915513904598, -7.167356942030781, -3.649121354066242, -3.5490246595016983, -3.6826967083661493, -3.7723004609204915, -2.9723584468555417, -2.3526426954231723, -1.7048613662280734, -0.9842755864040165, -1.8855865220111938, -4.264577997103381, -4.100661119995542, -10.657222354469855, -2.290576189522461, -1.9413330746643007, -2.5806482970138904, -3.564126597236395, -5.031293896037699, -4.377791735506548, -3.1060674793925416, -3.57969913383648, -13.940133000174345, -14.79645270285103, -15.625072097263322, -1.8229406251224012, -3.567817152916484, -16.365861556713295, -16.172004322686973, -10.120829966097853, -16.518405223719885]
sig_n random points (200): [-1.6243632791093483, -1.6131446088189973, -1.4743861077047327, -1.4851184416172596, -1.440952764769795, -1.511900362853051, -1.5032138145929284, -1.4427937851795303, -1.601494894786049, -1.8428993004405874, -2.062062326095974, -2.104683263068611, -2.6744653788366106, -2.7160978530156665, -2.6154095015780134, -2.804607788355895, -2.81450927136441, -3.1528932589828504, -3.4304238202867574, -3.541058496044765, -3.6605894643077357, -3.5152696001084984, -3.4680921343578373, -3.152555444601508, -3.1640739663930013, -2.982808086175226, -2.655519516833769, -2.398903409786219, -2.0577289479934833, -1.9574625641858245, -2.089140269927713, -2.0226782617997183, -1.8527860756596743, -1.8967332845827822, -1.813744044417091, -1.7991280041823863, -1.9847761772384658, -2.135768129001536, -2.242253581131227, -2.3403903503275796, -2.3122421202594974, -2.1517749748198267, -2.0555760388520885, -1.8973513720192938, -1.8948804022353394, -1.862336947138533, -1.7425727502446233, -1.7300164399785516, -1.6654424102086587, -1.6406255836591441, -1.674337158389082, -1.678276998083438, -1.5531711329616182, -1.543963174672862, -1.5523712578777278, -1.5772773524096915, -1.5733969553792924, -1.374953581541029, -1.245627532367954, -1.0233790520825898, -1.0158964722787862, -0.8926739396781195, -0.8727689689005664, -0.9049721767038833, -0.7852886639622602, -0.762889970213099, -0.7591121594692598, -0.7695360663225429, -0.7504943051084747, -0.6924156313731873]

sig_f every third point: [0.18155321708833097, 1.2659347742276947, 1.7855244266526147, 2.2880721277526925, 2.5778016286326424, 2.3549384855412683, 2.659727937584071, 2.386590317912758, 2.835222661857422, 1.475888327162961, 1.4692280154138873, 0.9326467524580423, 1.4166446587979096, 1.4464906510428504, 1.5337659864772757, 2.8579249792905386, 1.912872858642791, 1.8888155038634649, 1.525712624321193, 3.0893553144405943, 2.5320738643076686, 0.8978319563764828, 0.7614254273982494, 1.0958323797882255, 1.553677555075062, 1.5717962525064422, 2.1428962270591607, 2.1355221659994488, 4.8433179523033685, 3.4289605279825577, 2.9922876932352547, 2.6184897096287845, 1.7142821104754533, 1.2905046740594326, 1.1698544329240703, 1.523584909198637, 1.8638681017583998, 1.8768326927589574, 4.026126456241204, 5.686398706674158, 5.788949460876371, 1.8786171092727313, 1.6554392889816996, 1.4914173588907327, 1.008675658785794, 0.5439416102897409, 0.2957394655031029, -3.3209498422577806, -17.688605413535605, -5.263613053504129, -4.063760960754667, -5.100082286194195, -22.949847203949084, -5.337007788367356, -4.390551272839004, -3.9464272665842066, -3.341182241318084, -2.2603610229864564, -3.158758058216082, -4.300693864647252, -18.423713030259016, -21.384876707386024, -24.380910553866862, -24.239381454927784, -26.815793562196397, -26.862098616705264, -24.00586234908485, -25.309689225128434, -25.989542914988725, -21.04616576395403]
sig_l every third point: [-2.7687799571227, -3.7716391416684045, -4.351998201221399, -4.812487899598246, -5.098089030806604, -5.007634164872309, -5.293150774153881, -5.060537293691765, -5.341411318738569, -3.531663788077267, -3.4936556438178488, -3.591092727512031, -3.1872724928209153, -3.203021376960243, -3.357306040010679, -5.621751982672622, -3.229036348820842, -4.768024480493943, -4.353323895936077, -5.124057520200104, -5.07136365210741, -3.1805505391977142, -3.047222609294177, -3.510290404991844, -3.1693857289289173, -3.207014198756821, -4.011592416823641, -4.035931549158576, -7.363652692993066, -6.3044909484888265, -5.836150705705555, -5.2858551707062515, -3.8912467432653113, -3.613628968407407, -3.8527558573426366, -4.045112933874426, -3.616984193540347, -3.689622088557755, -6.8313718053678585, -8.289687336715494, -8.601033557910556, -3.729578283791995, -3.4517069084404066, -3.394610514451909, -3.701822205726934, -3.4361798566822164, -3.2440381433855947, -1.460551447427564, -4.2907367298415275, -2.4045835990006608, -4.367635942560407, -3.751010911250805, -9.639021650729092, -2.384329957898423, -3.0659557135651148, -3.4887403555395586, -4.227555940312979, -5.243197796780164, -4.433568903754338, -3.466101744305934, -9.658143825848265, -13.861313633625025, -15.775970159821687, -16.013941686303614, -17.02404130622267, -16.944744699271236, -16.35513444044165, -16.588954392026388, -16.712975733235666, -14.452675434281117]
sig_n every third point: [-1.62624870550192, -1.5410649597678985, -1.5139882813592265, -1.4221710948620492, -1.3609537934767029, -1.3529959372682563, -1.367208891470741, -1.477101938928358, -1.6294261500473621, -1.7991737558465153, -1.9077767679094482, -2.192042779669115, -2.639116054771934, -2.7232767734353653, -2.55439585467212, -2.6315114449981927, -2.9097273484542394, -3.078605429372105, -3.2885733272868025, -3.5371668410474593, -3.6614141258665205, -3.5243581433190045, -3.570481583923448, -3.149185959280867, -3.073000792626177, -2.939561166016931, -2.7139027579740853, -2.4131184431027486, -2.0562859725904414, -1.9753262345328202, -2.0524750232183844, -1.9567426756926503, -1.7909612968808615, -1.761832730974832, -1.7736121000244116, -1.804249253119474, -1.9792957306969496, -2.1145458626899907, -2.1345100353030606, -2.1901562177233687, -2.3132930444724984, -2.159404466754739, -1.9803094170058138, -1.9050290266681584, -1.825213854532203, -1.7762436886075084, -1.7035741627520296, -1.654358470142198, -1.599433850197857, -1.6124690135263502, -1.650257624081838, -1.616105903671168, -1.5409699938803614, -1.5234283247917784, -1.5429245948278305, -1.5178484769001368, -1.4948160944033235, -1.4059618494601942, -1.2099135020382001, -1.0399781846358396, -0.962097372332391, -0.9258273236578572, -0.8820505452926549, -0.8407629402825817, -0.799924683937856, -0.7502936332029827, -0.7557611968536672, -0.7809853803413468, -0.762124508631372, -0.7055885921040507]

sig_f optimize from last: [0.1815532170881996, 0.7555537311170616, 0.7555537311170616, 0.9748244609361263, 0.9748244609361263, 1.2659293135487322, 0.8075902954600744, 1.5136546236271227, 1.1014749599737723, 1.7944694147771787, 1.7855252946929998, 1.7855252946929998, 2.142904308903325, 1.8681610637640629, 2.543176130509195, 2.2880741473742052, 2.723462411741958, 2.684870299353096, 2.493450671909936, 2.6539510083854343, 2.577805360144825, 2.468956460888634, 2.4702288607512486, 2.402916957742438, 2.352803766196233, 2.3549436892995224, 2.3302965162740357, 2.381819355063614, 2.48529990245583, 2.5761653552761867, 2.6597269984785563, 2.7648322113289665, 2.711279412331684, 2.8123521021969062, 2.736051818910228, 2.3865859879911895, 2.6065333855004678, 2.2271518586315633, 2.569301370929483, 2.687223664877891, 2.8352228801706687, 2.951791255040066, 3.1803019743171514, 3.54478030972468, 3.5592314877247095, 3.9673541927737483, 3.7964222844016238, 1.6666766222460785, 1.446890252891922, 1.8469656699975265, 1.4692279721085777, 1.6126212797394865, 1.2125414120999891, 0.7808243602416783, 0.9108007610258515, 0.9326462136768919, 1.0328098476470573, 0.9998967652025613, 1.145309001148805, 1.2416440562639244, 1.4166458469976908, 1.518910769056456, 1.5047339406246474, 1.4630007043047164, 1.4484224313454255, 1.446490526692669, 1.4260100293467486, 1.457020624665516, 1.4486903053511893, 1.48863206703173, 1.533765941371313, 1.537042114203818, 1.583679102110081, 1.6453043233303624, 1.6881636678337704, 1.712641192107372, 1.7028267106483252, 1.6405811547185876, 1.63292611091471, 1.702403188640721, 1.912873038998375, 1.7513972463624465, 1.8450515777276677, 2.2018699808062356, 1.7309618474567339, 1.8888154060410831, 1.9380932029414104, 1.6402354599045965, 1.4755097429939332, 1.501549176126972, 1.5257115183091303, 1.9245781752342297, 1.9502216688951777, 1.7875233804480903, 2.2186334869541184, 3.08935495025029, 3.2153993171143003, 3.2153993171143003, 3.214429931724346, 3.2132079016929955, 3.208899184848589, 2.5127418715823238, 2.6223747210336183, 3.022099711203114, 1.3384250603490728, 0.8978312612125259, 1.0338712357377695, 0.7747840980396651, 0.9092193962710199, 1.0112456766169304, 0.7614224871372768, 0.8604165024353395, 0.8206176458136357, 0.9407368250966786, 0.8807968099693944, 1.0958326077249925, 1.1645664726410712, 1.4797072711940988, 1.4805748911121583, 1.6453424586609668, 1.5536775672919823, 1.554675194319131, 1.6540521016720382, 1.5020485323074155, 1.6909275070565497, 1.5717962421618534, 1.8627957286042756, 1.7289203230481807, 1.9449501094998767, 2.2330613480411103, 2.142896206147792, 2.33209253157151, 2.0642015812465546, 2.3228564983418556, 2.090762732467278, 2.1355217874406875, 4.519328184134098, 4.583834923540686, 5.069286400181322, 4.671479593818051, 4.843320078838804, 4.859841312283573, 4.155360557462006, 4.029432986659086, 3.7920891925873366, 3.42896109121703, 3.333940130655393, 3.0425405289573817, 3.2026789310457873, 3.4467527121820605, 2.9922891078798117, 3.0089040201013786, 2.838999236996165, 2.7907402004021824, 2.6343538943294162, 2.6184896017006194, 2.4956859092863386, 2.5344490283903935, 1.8087211985481648, 1.7501062693446463, 1.7142824397528014, 1.819900521100598, 2.0445393160787084, 1.91509761270803, 1.417178840887836, 1.2905100599750416, 1.5143728896478843, 1.199549889639833, 1.4942480919809187, 1.4256863028005564, 1.169854345684039, 1.3349469247963237, 1.3122783671537115, 1.4162580038864245, 1.3961686473028898, 1.5235884533584616, 1.7882167027056715, 1.6906751336387944, 1.8629313702687464, 1.7646721015135332, 1.8638677442108211, 1.8960218924594185, 1.8002720595378063, 1.8449995726774913, 1.8515590548577652, 1.876833736917131, 1.9112959212490341, 1.9637555946293268, 2.0261807666921388, 2.0609268008809285, 4.026127426220671, 4.337901706692889, 4.89223056274538, 5.032013241259473, 5.52351597892958, 5.686419418905888, 6.108043114374866, 6.368542144758433, 6.701914126892583, 6.378940713081514, 5.788941497305223, 5.379271011084626, 4.873251547415254, 3.8733488273373777, 3.2787312376577447, 3.065438538743081, 1.856686142890489, 1.7245131534796951, 1.835365484182418, 1.8401996735251325, 1.6554400240139522, 1.7803860882823261, 1.757413723678349, 1.5441269486520182, 1.611315741908108, 1.4914173741942638, 1.3920571021599757, 1.3547999235204122, 1.1993296314725195, 1.076477456593619, 1.0086756356770858, 0.8565667812250417, 0.8010804704835773, 0.7543760235889646, 0.5773316983717723, 0.5439414894706425, 0.42232354053606486, 0.389365277739562, 0.35588205609011453, 0.3456578951841317, 0.29573950178261865, -0.007000223780158898, -0.09205908587223227, -0.8461699352175492, -1.8736816342998968, -3.3209501342198138, -4.540451417472352, -5.824917553816808, -5.830140269207679, -5.536728565678133, -5.527051813282817, -5.470759284646028, -5.403664433221, -5.650491886144837, -5.7471819547300065, -5.263617619419184, -5.250118425850011, -4.545438965092358, -4.527211390338932, -4.041606517373765, -4.063763612538976, -3.895705777298721, -4.237104483005925, -4.212734585203109, -4.832123293939167, -5.1000912702918315, -6.364660065941251, -8.533968164521923, -16.68213472804672, -25.010619348059084, -25.010619352166792, -25.01061935504741, -25.010619354372235, -25.010619351507685, -25.010619345421897, -25.01061934083948, -25.01061933044138, -25.01061931704892, -25.010619308580466, -25.01061929044632, -25.01061926817034, -25.010619242815377, -25.0106192149715, -25.010619214819055, -25.010619183222587, -25.010619151128115, -25.01061911897852, -25.01061910309444, -25.010619086914083, -25.01061907054916, -25.010619035865496, -25.010619000271664, -25.010618963456118, -25.010618923893396, -25.010618881034272, -25.010618838971133, -25.010618794123832, -25.010618749913792, -25.010618709060672, -25.010618672933735, -25.010618641630057, -25.010618613778615, -25.010618591940318, -25.01061857240131, -25.01061855771398, -25.010618545240348, -25.010618536081115, -25.010618528644535, -25.01061852418782, -25.01061852102621, -25.01061852006126, -25.010618520042232, -25.010618521360815, -25.0106185232735, -25.01061852645393, -25.010618530039203, -25.010618532136277, -25.010618536450234, -25.01061854120452, -25.010618546328278, -25.010618551493156, -25.010618556786454, -25.010618562232477, -25.01061856772887, -25.010618573213787, -25.010618578666225, -25.01061858402163, -25.01061858662649, -25.01061859199439, -25.010618597452645, -25.01061860303225, -25.010618608509827, -25.01061861406222, -25.010618619558734, -25.010618625061728, -25.010618630401964, -25.010618635807642, -25.010618635829147, -25.010618638424937, -25.010618643542063, -25.010618648575953, -25.01061865358375, -25.01061865856241, -25.010618663535617, -25.010618668480166, -25.01061867095708, -25.010618673402714, -25.010618675821892, -25.010618680471552, -25.010618682752334, -25.010618687042935, -25.01061869118985, -25.010618695058465, -25.01061869878607, -25.01061870224285, -25.010618705553817, -25.0106187086063, -25.010618711527485, -25.010618714253024, -25.010618716855834]
sig_l optimize from last: [-2.7687799571226184, -3.2043881122610047, -3.2043881122610047, -3.4515484231471816, -3.4515484231471816, -3.77163628666936, -3.3818738341417567, -4.039305666100021, -3.6888743223355482, -4.315859345752324, -4.352000014986606, -4.352000014986606, -4.661495375463809, -4.469308748668952, -4.965494248884894, -4.8124885622310165, -5.1112931109740325, -5.114739067874697, -5.000387256955166, -5.122321844894971, -5.098089713438464, -5.030988423210443, -5.040387202973409, -5.013981112976617, -4.97377194628681, -5.007636364702318, -5.005749325820382, -5.064242514880063, -5.172670829203755, -5.249050404364111, -5.29314947713332, -5.3739602781293865, -5.340715429072864, -5.415816610613361, -5.333306070767256, -5.060536490678407, -5.214299115006296, -4.865916922769875, -5.160324762065754, -5.229871420038261, -5.341411906657077, -5.382017710063193, -5.51425359665892, -5.637473229595749, -5.651217093787989, -5.7190609932841685, -5.488303650785024, -3.571929574781276, -3.4880608180256254, -3.626078719295902, -3.493656150893117, -3.586807850877158, -3.4561512648287622, -3.295649556720665, -3.367326496157513, -3.591092515254568, -3.562348105766433, -3.6762668283943536, -3.8331919147828044, -3.834407755972845, -3.187272380249558, -3.2241993309732235, -3.185004682310783, -3.168261438885507, -3.190267897849629, -3.203021368440004, -3.1809363351150934, -3.215439869514043, -3.258205725629193, -3.3590321998792643, -3.3573059957059055, -3.504150264831808, -3.4796404989133927, -3.270241822400029, -3.217404270953231, -3.227252175960355, -3.2028368186385796, -3.0996189659157403, -3.052005997682513, -3.105946766670632, -3.2290364985282247, -3.1270369632343438, -3.187756539882112, -3.204898590070032, -3.081771268311339, -4.768024486904545, -4.755293679575311, -4.492249053899611, -4.317520613215613, -4.338571706267676, -4.353323326988774, -4.64221637426343, -4.634511113376681, -4.498045403198447, -4.744706768309571, -5.124057158435375, -5.186401363290336, -5.186401363290336, -5.18822429200719, -5.190408903742443, -5.199113533986073, -5.16957977429524, -5.050798549378834, -4.939072267986422, -3.310172451697716, -3.180550109031721, -3.2106621419260244, -3.0915401372948272, -3.1472719440080192, -3.2052532348871208, -3.047222080775235, -3.148317496811773, -3.119178805065794, -3.2602167899171315, -3.309665846202043, -3.510290315035418, -3.449745955571907, -3.180515920106756, -3.1970808628755285, -3.187896366247253, -3.1693857332643924, -3.187617187764891, -3.2294327502661098, -3.1536282073627553, -3.2932181083568075, -3.2070142071438505, -3.4555624700669676, -3.394596340410413, -3.7360891138832115, -3.9857602140797916, -4.011592436957313, -4.087900998396045, -3.9103005871093153, -4.062264895700751, -3.9172955942780194, -4.035931632966454, -7.198016219865883, -7.179545811192142, -7.524912518053338, -7.182263078025118, -7.363653929935038, -7.400247136791419, -6.834760273455582, -6.771784164376777, -6.597547233587436, -6.304490263928348, -6.202776659923254, -5.945393997180692, -6.046296115303711, -6.202167395545665, -5.836150968931581, -5.799930223856104, -5.671969590084741, -5.5827897375845765, -5.378652062681822, -5.285855451151213, -5.072999377767594, -4.991787098864388, -4.0857422591300825, -3.9484789027916354, -3.8912471383926386, -3.8978062627888934, -3.9851833652727096, -3.948273699913694, -3.648637153444652, -3.6136332594773304, -3.867723651360013, -3.726646833075752, -4.032187172403618, -3.999505553809873, -3.852756944125522, -3.9694279797355643, -3.9958299721324524, -4.073564852182695, -4.045520278144869, -4.0451140025274395, -4.243306998928566, -3.756502925801024, -3.7143886158263872, -3.4991685743542384, -3.616983940450654, -3.6785857475654504, -3.531254601609967, -3.6252154682302304, -3.663216678663242, -3.6896224090681127, -3.7197035136334824, -3.8369565176844445, -3.9045478828277322, -3.924894283850108, -6.831372568197581, -7.100831727485166, -7.5886753029234475, -7.697234125136705, -8.095726681029813, -8.289701817558212, -8.779583471448348, -9.10208776513438, -9.48337327071192, -9.175952970232123, -8.601028783930792, -8.227783107383296, -7.708138033680192, -6.7353656571179705, -6.160727240464828, -5.901003692520317, -3.6815821937873427, -3.6003519569757327, -3.6783223965250005, -3.6077971394632917, -3.451707431624936, -3.478328775411537, -3.505330904495389, -3.379082918874469, -3.426904008881868, -3.3946105337360466, -3.412473097887872, -3.4408128092817734, -3.5827253360614524, -3.6893994079288888, -3.7018220921942704, -3.637031492599291, -3.6087482455184707, -3.585304927873242, -3.4585157654583307, -3.4361798657309937, -3.342231921088673, -3.3141657070991917, -3.2921443813843405, -3.277903396398572, -3.244038143974725, -3.0947557046063143, -3.0510117851000613, -2.733277969792416, -2.2315936455419894, -1.4605528040617497, -0.9886159199814993, -1.057267502638323, -1.3448530172127453, -1.6156881185805076, -1.6257199287762825, -1.658870391976954, -1.740278434652602, -1.6955631166788057, -1.8704322839107625, -2.4045859525893882, -2.886875810608412, -3.913273829389083, -3.954175094634274, -4.396359911154323, -4.3676373236285375, -4.4738617448795415, -4.273713083289746, -4.281723725556966, -3.917493217533402, -3.75098919947706, -3.2874363048035695, -2.9295806841033927, -0.8297903557025577, -2.312093874999886, -2.3120938731765905, -2.3120938711523515, -2.3120938688710284, -2.3120938666157516, -2.312093864502613, -2.312093863659369, -2.3120938622049096, -2.3120938614683038, -2.312093861557128, -2.312093862008076, -2.3120938640491584, -2.3120938673670284, -2.31209387197338, -2.3120938719998017, -2.3120938787071346, -2.3120938852155613, -2.312093891789983, -2.312093894967646, -2.312093898167437, -2.312093901361705, -2.3120939092177073, -2.312093917515964, -2.31209392594103, -2.3120939351235585, -2.3120939448821933, -2.312093953968058, -2.3120939635370865, -2.3120939726379373, -2.3120939811606105, -2.3120939886838827, -2.312093995518103, -2.312094001784562, -2.3120940069943554, -2.312094011809095, -2.3120940156492154, -2.312094019009123, -2.312094021628777, -2.312094023832843, -2.3120940253016147, -2.3120940264429684, -2.3120940270128885, -2.312094027172601, -2.3120940270517836, -2.312094026734344, -2.3120940259972795, -2.3120940251223923, -2.312094024603055, -2.312094023548914, -2.3120940225291164, -2.312094021526598, -2.3120940205533005, -2.3120940196457687, -2.312094018840798, -2.3120940181240366, -2.3120940175241773, -2.312094016957546, -2.312094016524492, -2.3120940163489347, -2.3120940160208083, -2.3120940157117746, -2.312094015437739, -2.312094015172558, -2.3120940149835376, -2.312094014834588, -2.3120940148320557, -2.312094014926577, -2.31209401504659, -2.3120940150475655, -2.3120940150211373, -2.312094014950364, -2.312094014845422, -2.3120940147249924, -2.312094014575107, -2.3120940144138795, -2.3120940142380966, -2.312094014147869, -2.312094014057156, -2.312094013967303, -2.3120940137940043, -2.312094013708675, -2.3120940135465196, -2.3120940133889354, -2.3120940131991823, -2.3120940130121372, -2.312094012826016, -2.3120940126394864, -2.3120940124497262, -2.31209401226168, -2.312094012117004, -2.312094011976717]
sig_n optimize from last: [-1.626248705501914, -1.599532285851068, -1.599532285851068, -1.5689062616150329, -1.5689062616150329, -1.5410648832609195, -1.5339489587210842, -1.528144839494438, -1.5245427349435814, -1.5203260152288998, -1.5139881966456017, -1.5139881966456017, -1.4679073136728968, -1.4607396849442653, -1.4220477439266002, -1.4221710292385625, -1.3894441912495228, -1.3528467715891035, -1.358685573716603, -1.3511544879834279, -1.360953832503028, -1.3645521704554158, -1.3522851373861116, -1.3673507167446965, -1.3579230184950555, -1.3529962521876162, -1.3562443617527544, -1.3432585252857485, -1.356140900295144, -1.3720019872641576, -1.3672086982802434, -1.3603039660692764, -1.3890707420426531, -1.4026177008972494, -1.4253615513769753, -1.4771021093641918, -1.482338200510974, -1.5548159211937105, -1.5716494112826884, -1.6177426686871035, -1.629426164813747, -1.675284644220137, -1.6859676743113305, -1.6985924380540989, -1.716685803311575, -1.735708421290975, -1.7581989697671838, -1.8357517876538805, -1.8793229358419434, -1.8773895079795255, -1.9077768214099369, -1.9241447401038578, -2.0066565059811956, -2.097983536995268, -2.1338833891611104, -2.1920427930725612, -2.2312730821606754, -2.413331194258522, -2.4616977972841303, -2.5011294186916846, -2.6391162455646207, -2.675290418337472, -2.7267908426052467, -2.7324857478279667, -2.7372367560154554, -2.7232767565241507, -2.682284944241929, -2.6382971488403335, -2.596532185460218, -2.5555193180158278, -2.5543958480525175, -2.5638052867073577, -2.587291464035703, -2.6513583118297173, -2.6916324771050992, -2.751752488877384, -2.7918010283992, -2.8235083787803026, -2.8572249114195976, -2.880770553431968, -2.9097273477236096, -2.9239797322041365, -2.9620441892267437, -3.0116782596129537, -3.0465841835093492, -3.0786054215618863, -3.1075903383596915, -3.179697512773162, -3.2343313099732467, -3.243533478224469, -3.2885732929577065, -3.337475390857451, -3.383266661039456, -3.4180415948407767, -3.481001782168148, -3.537166809489731, -3.579775599198068, -3.579775599198068, -3.5843506720488185, -3.5890273299032605, -3.597162512122906, -3.584247560919915, -3.5433705032744545, -3.4909740343280373, -3.5174057387322435, -3.524358112358345, -3.4869219259344106, -3.603743621204455, -3.5694012624507883, -3.5653393649931355, -3.5704816433212603, -3.4424196860824545, -3.431851448026454, -3.2753510801612475, -3.2545668823322176, -3.149185994334099, -3.140107106832075, -3.1171627253003167, -3.1014113883168593, -3.091103857265968, -3.0730008009232836, -3.0612970901434786, -3.0366047043540783, -3.0193127594466076, -2.969177064764841, -2.939561167808766, -2.8726433909178963, -2.8443247943728105, -2.7895608692157343, -2.7582071133189405, -2.713902760154918, -2.65710048641637, -2.602671506578436, -2.531209987806409, -2.4638041191961673, -2.4131182710619736, -2.2956392226261095, -2.2582266613774054, -2.17241033630586, -2.127057808706921, -2.0562860875195783, -1.9935890916876122, -1.9573744825583164, -1.9524139011256096, -1.9678640460916927, -1.9753263142963746, -1.9992789783029075, -1.9910879698122579, -2.0227923695876546, -2.0819170673899707, -2.05247496888191, -2.0766348342624052, -2.0681765085754407, -2.0794212054119408, -1.9989085817078425, -1.956742666226372, -1.913480561146746, -1.8561143267975264, -1.8300037837003535, -1.7998645631163035, -1.7909612161819934, -1.7886828683533509, -1.8053918607485206, -1.7912237581505774, -1.763907030369946, -1.7618326072500576, -1.7508401003915923, -1.7658864303526447, -1.7553853855043733, -1.765527561426704, -1.7736121063339454, -1.763256273317302, -1.7866580450814473, -1.7989966162732576, -1.8005774148755498, -1.804249493022978, -1.8247216368574706, -1.8591843445249874, -1.911733219997891, -1.9562976444413867, -1.9792958273265513, -2.036181165666237, -2.058720399770514, -2.070630219852954, -2.099067961977216, -2.114545856013464, -2.1281562664901577, -2.1410250090350154, -2.148529839620276, -2.1379142702014815, -2.1345099074374203, -2.1432710516743003, -2.1450542984451073, -2.132011597519647, -2.1809716090900513, -2.1901562122060136, -2.2066592402686975, -2.2512092707212257, -2.2864828440789813, -2.3138316006602975, -2.3132931200139217, -2.265137090919265, -2.2017535488340787, -2.131390200723617, -2.0930462270727044, -2.047988708031311, -2.109949675250332, -2.081708890450438, -2.0331849815649146, -2.005156284403797, -1.980309417693501, -1.9740387858323634, -1.9517957712425456, -1.935860750024071, -1.9246005079349253, -1.9050290252676225, -1.8876641417575595, -1.877285319036094, -1.8460855171203283, -1.8389077536422016, -1.8252138585275715, -1.8145941340939342, -1.8053292855311698, -1.8053273462520694, -1.785329283274409, -1.776243785622176, -1.7543313326003003, -1.7408064011260949, -1.7228988679521584, -1.708094329468195, -1.703574186046281, -1.6925061227473392, -1.6890085331402673, -1.6787511961864825, -1.6660608908321224, -1.654358584509687, -1.6308092975639183, -1.6394369352253981, -1.6314641409289696, -1.6261041485668493, -1.6197747798174809, -1.6119538099627595, -1.608519270594997, -1.605246402160066, -1.6124135316047428, -1.6124689855542407, -1.620515867002971, -1.623037335621086, -1.6344147372421374, -1.642082685048403, -1.6502575049114965, -1.6519123545958265, -1.649838697276405, -1.639619518365804, -1.6287021024577137, -1.616105782754323, -1.5930187359970112, -1.5767189707611742, -1.5704132290196517, -1.5600825656852408, -1.54096998923934, -1.529282118223156, -1.5130598306321936, -1.5018477436966198, -1.505304295467619, -1.5025968890918078, -1.5086326975896642, -1.5015569859193942, -1.5009561541679213, -1.5069059333143586, -1.4966695893817894, -1.492289023128348, -1.4799657895785179, -1.4796604036912624, -1.463854109929821, -1.4521678576647663, -1.4435378157966832, -1.443826918747378, -1.4413111096327114, -1.4386243580447169, -1.410212382440742, -1.3879834413439476, -1.3669585390430936, -1.342456331681198, -1.3060447096274128, -1.2733230696823692, -1.2377354323431011, -1.214122758960271, -1.1842981320480026, -1.1694509376528823, -1.1207028642814227, -1.0983170467474317, -1.0585486277202356, -1.0459269479312105, -1.0168127126838462, -1.0041533652664159, -0.9948249620322336, -0.9865913557225549, -0.974238914825693, -0.9694441237809704, -0.962097463257144, -0.9588335076834702, -0.9484549567549204, -0.9433929561898543, -0.9342315060984687, -0.9258273445845413, -0.9225965863250628, -0.9148436086780304, -0.9021100226370579, -0.8948481061527449, -0.8820505565279957, -0.8721565585503871, -0.8613936296238266, -0.8563968754023091, -0.8449857776682504, -0.8407628949387513, -0.8348067786880797, -0.831143462444712, -0.8191187588502716, -0.8108415459302032, -0.799924705683622, -0.7917419744580252, -0.7757804839450201, -0.7671316676287468, -0.7540185704573005, -0.7502936610818445, -0.7431830704053235, -0.7431909189447095, -0.7439628829326543, -0.7474435335644195, -0.7557612829630328, -0.7604245741065534, -0.769379465058652, -0.7733136397870393, -0.7789576221809458, -0.7809855284243449, -0.7820977990599844, -0.7813056637184495, -0.7764743082074468, -0.7726757482555519, -0.7621245210567986, -0.7554047882788114, -0.7423348703751905, -0.7336194545216743, -0.7147946725386446, -0.7055886042833677, -0.6883003936848807, -0.6805853934385306, -0.6692433139398275, -0.6621275221800613]
