KNN Classification real images
[1.0, 0.9857333333333334, 0.9819166666666667, 0.975, 0.9673833333333334, 0.9536333333333333, 0.9413166666666667, 0.9266166666666666, 0.8987666666666667, 0.8662333333333333, 0.8187166666666666, 0.72735]
[0.9691, 0.9627, 0.9688, 0.9665, 0.9625, 0.9534, 0.944, 0.9289, 0.9039, 0.8731, 0.8281, 0.7426]

KNN Classification top 100 eigenvector coordinates
[1.0, 0.9879166666666667, 0.9840333333333333, 0.9788166666666667, 0.9713166666666667, 0.9589, 0.9477166666666667, 0.9341333333333334, 0.9096, 0.88135, 0.8384, 0.75455]
[0.9716, 0.9675, 0.9727, 0.9713, 0.9665, 0.9579, 0.95, 0.9364, 0.9128, 0.8887, 0.8474, 0.7688]

Logistic regression in pixel space
0.9339166666666666
0.9255

Logistic regression in eigenvector space
[0.94465, 0.9415, 0.9309333333333333, 0.9222666666666667, 0.9091, 0.8751833333333333, 0.8010166666666667]
[0.9211, 0.9228, 0.9266, 0.9221, 0.9125, 0.8801, 0.8086]
